769.428	4	2000	20
>	a		ab		1
>	b		bc		1
>	c		c		1
20			0	0	1	0
40			0	0.563946	0.161998	0.274056
60			0.381759	0.157837	0.271983	0.188422
80			0.408516	0.232644	0.185745	0.173095
100			0.42942	0.257969	0.169867	0.142744
120			0.430519	0.269109	0.169674	0.130698
140			0.42245	0.273427	0.175463	0.12866
160			0.411847	0.275677	0.178868	0.133608
180			0.400098	0.275305	0.185133	0.139464
200			0.388637	0.274961	0.189941	0.14646
220			0.377607	0.274567	0.194768	0.153058
240			0.368521	0.273054	0.198403	0.160022
260			0.359789	0.271669	0.202823	0.165719
280			0.351872	0.270583	0.205917	0.171628
300			0.344931	0.269141	0.209497	0.17643
320			0.339032	0.268239	0.211425	0.181305
340			0.333701	0.266961	0.213986	0.185351
360			0.328727	0.266155	0.216217	0.188901
380			0.324322	0.265309	0.218052	0.192317
400			0.320345	0.264485	0.219748	0.195422
420			0.316725	0.263745	0.2215	0.19803
440			0.313437	0.26317	0.222766	0.200627
460			0.310494	0.262668	0.223887	0.20295
480			0.307837	0.262039	0.225093	0.205031
500			0.305179	0.261722	0.226258	0.206841
520			0.302914	0.26119	0.227254	0.208643
540			0.300792	0.260757	0.228122	0.210329
560			0.298846	0.260312	0.229092	0.211751
580			0.297031	0.259978	0.229781	0.21321
600			0.295373	0.259571	0.230526	0.21453
620			0.293796	0.259258	0.231156	0.21579
640			0.29234	0.259013	0.231795	0.216852
660			0.291004	0.258725	0.23236	0.21791
680			0.289741	0.258447	0.232892	0.21892
700			0.288542	0.258185	0.233482	0.219791
720			0.287408	0.257974	0.233918	0.2207
740			0.286354	0.257715	0.23439	0.221541
760			0.285337	0.25751	0.234867	0.222286
780			0.284385	0.257316	0.235247	0.223053
800			0.283485	0.257168	0.235574	0.223773
820			0.28265	0.256955	0.23602	0.224375
840			0.281832	0.256822	0.236311	0.225035
860			0.281073	0.256624	0.236666	0.225638
880			0.280326	0.25648	0.237008	0.226186
900			0.279624	0.256332	0.237294	0.22675
920			0.278954	0.256179	0.237579	0.227288
940			0.278309	0.256035	0.237847	0.227808
960			0.27769	0.255939	0.238109	0.228262
980			0.277116	0.255807	0.238357	0.228721
1000			0.276555	0.255686	0.238589	0.22917
1020			0.276015	0.255564	0.238856	0.229565
1040			0.275493	0.255466	0.239056	0.229986
1060			0.274998	0.255344	0.239275	0.230382
1080			0.274512	0.255243	0.239507	0.230738
1100			0.274048	0.255184	0.239656	0.231112
1120			0.273622	0.25506	0.239865	0.231453
1140			0.273187	0.254984	0.240058	0.231771
1160			0.272779	0.254893	0.240228	0.2321
1180			0.27238	0.254804	0.240396	0.23242
1200			0.271994	0.254717	0.240585	0.232704
1220			0.271618	0.254646	0.24073	0.233007
1240			0.271261	0.254582	0.240862	0.233295
1260			0.270921	0.254495	0.241042	0.233542
1280			0.270582	0.254438	0.241164	0.233816
1300			0.270262	0.254354	0.241311	0.234073
1320			0.269941	0.254291	0.241438	0.234331
1340			0.269635	0.254215	0.241594	0.234556
1360			0.269332	0.254162	0.241706	0.2348
1380			0.269047	0.254088	0.241836	0.23503
1400			0.268762	0.254051	0.241947	0.23524
1420			0.268499	0.253983	0.242067	0.235451
1440			0.268235	0.25393	0.242171	0.235664
1460			0.26798	0.253868	0.242301	0.235851
1480			0.267728	0.253823	0.242394	0.236055
1500			0.267488	0.253761	0.242503	0.236248
1520			0.267249	0.253712	0.242615	0.236424
1540			0.267017	0.253682	0.24269	0.23661
1560			0.266803	0.253619	0.242795	0.236783
1580			0.266582	0.25358	0.242894	0.236945
1600			0.266372	0.253533	0.242981	0.237115
1620			0.266165	0.253486	0.243068	0.237281
1640			0.265962	0.25344	0.243167	0.237431
1660			0.265763	0.253402	0.243243	0.237591
1680			0.265572	0.253368	0.243314	0.237746
1700			0.265389	0.253321	0.243411	0.237879
1720			0.265205	0.25329	0.243477	0.238029
1740			0.265029	0.253243	0.243558	0.23817
1760			0.264852	0.253208	0.243628	0.238313
1780			0.264681	0.253165	0.243715	0.238439
1800			0.264512	0.253135	0.243777	0.238576
1820			0.26435	0.253105	0.243839	0.238706
1840			0.264193	0.253066	0.24392	0.23882
1860			0.264037	0.253038	0.243977	0.238948
1880			0.263887	0.252999	0.244046	0.239068
1900			0.263736	0.252968	0.244116	0.23918
1920			0.263589	0.252938	0.244175	0.239298
1940			0.263447	0.252903	0.244236	0.239414
1960			0.263305	0.252883	0.244294	0.239518
1980			0.263172	0.25285	0.244353	0.239625
2000			0.263038	0.252822	0.244407	0.239733
2001001


491.933	8	2000	20
>	a		ab		1
>	b		bc		1
>	c		c		1
20			0	0	0	0	1	0	0	0
40			0	0	0	0.563946	0.161998	0.274056	0	0
60			0	0	0.381759	0.157837	0.271983	0.105407	0.0830147	0
80			0	0.276766	0.131749	0.232644	0.156125	0.137303	0.0357914	0.0296205
100			0.210057	0.105128	0.190457	0.168284	0.154425	0.08137	0.0653336	0.0249456
120			0.248726	0.164027	0.155764	0.150255	0.106184	0.0929624	0.0451728	0.0369095
140			0.284571	0.193293	0.143957	0.116604	0.105663	0.0658495	0.0558201	0.0342417
160			0.306576	0.204565	0.141992	0.111171	0.0823694	0.0711901	0.0430091	0.0391274
180			0.314407	0.214167	0.145725	0.102204	0.0818857	0.056964	0.048493	0.0361549
200			0.317198	0.220288	0.147107	0.104174	0.0724342	0.058803	0.0427342	0.0372618
220			0.3164	0.223232	0.151413	0.101436	0.074781	0.0525688	0.0438073	0.0363621
240			0.313613	0.224958	0.153072	0.105425	0.0709519	0.0547007	0.0408354	0.0364441
260			0.309393	0.226018	0.156111	0.104329	0.0747104	0.0517816	0.0423801	0.0352775
280			0.304873	0.225642	0.157215	0.108182	0.072901	0.0550825	0.0400854	0.0360184
300			0.299573	0.225222	0.158734	0.108658	0.0768975	0.0531993	0.0423468	0.0353702
320			0.294737	0.223633	0.159615	0.111738	0.0762057	0.0563073	0.0416659	0.0360974
340			0.28949	0.222318	0.160649	0.112401	0.0796088	0.0556658	0.0433493	0.0365183
360			0.284468	0.220495	0.161001	0.114557	0.0798849	0.0585402	0.043582	0.0374725
380			0.279551	0.218715	0.161429	0.115304	0.0823859	0.0587228	0.0455858	0.0383059
400			0.274872	0.21673	0.161469	0.116769	0.0832783	0.0609967	0.0460343	0.0398499
420			0.270374	0.214645	0.16145	0.117791	0.0849329	0.0618136	0.0482293	0.0407642
440			0.265829	0.21283	0.161151	0.118861	0.0861566	0.0637697	0.0489997	0.0424032
460			0.261527	0.210627	0.161189	0.119559	0.0877008	0.0648584	0.0508342	0.0437042
480			0.257465	0.208678	0.160645	0.120365	0.0888506	0.0665708	0.0521045	0.0453219
500			0.253539	0.206577	0.160414	0.120885	0.090139	0.0679915	0.053804	0.0466503
520			0.249703	0.204812	0.15981	0.121445	0.091303	0.0695034	0.0552115	0.0482131
540			0.246147	0.202751	0.159498	0.121913	0.0923729	0.070808	0.0567738	0.0497361
560			0.242652	0.200954	0.158848	0.122459	0.0934231	0.0721475	0.058212	0.0513047
580			0.239366	0.199025	0.158353	0.12282	0.0945095	0.0734164	0.0596827	0.0528277
600			0.236177	0.197259	0.157814	0.123249	0.0952407	0.0748193	0.0610978	0.0543425
620			0.233156	0.195511	0.157259	0.123489	0.0962854	0.0759125	0.0625627	0.0558254
640			0.230167	0.193929	0.15662	0.123854	0.0969818	0.077174	0.0639671	0.0573076
660			0.227414	0.192219	0.156108	0.123912	0.0980053	0.078242	0.0653369	0.0587629
680			0.224746	0.190675	0.155389	0.124276	0.0985916	0.0795324	0.0666059	0.0601837
700			0.222147	0.189068	0.15497	0.124328	0.0995105	0.0804765	0.0679639	0.0615363
720			0.219663	0.187636	0.154284	0.124668	0.10003	0.0816186	0.0691244	0.0629756
740			0.217273	0.186128	0.153886	0.124612	0.100857	0.0825507	0.0704123	0.0642811
760			0.21499	0.184798	0.153115	0.124981	0.101317	0.0836085	0.0716126	0.0655783
780			0.212797	0.183341	0.152766	0.124918	0.102038	0.0845199	0.0727894	0.0668306
800			0.210611	0.18219	0.152078	0.125112	0.102609	0.0854117	0.0739386	0.0680491
820			0.208659	0.180752	0.151718	0.125133	0.103164	0.08634	0.0749975	0.0692372
840			0.206641	0.179644	0.151073	0.125298	0.103708	0.0872117	0.0760006	0.0704233
860			0.204769	0.178418	0.150652	0.125319	0.104238	0.0879937	0.077087	0.0715229
880			0.202982	0.177262	0.150105	0.125436	0.104703	0.088809	0.0780851	0.0726187
900			0.20123	0.17614	0.149683	0.125408	0.105228	0.089599	0.0790428	0.0736686
920			0.19953	0.17509	0.149155	0.125565	0.105622	0.0903458	0.0799672	0.0747248
940			0.197901	0.174061	0.14875	0.125511	0.106125	0.0910618	0.0808712	0.0757183
960			0.196375	0.173033	0.148252	0.125611	0.106512	0.0917705	0.0817744	0.0766713
980			0.194867	0.172054	0.147827	0.12565	0.106923	0.0924648	0.0826082	0.0776049
1000			0.193402	0.171119	0.147436	0.12565	0.107338	0.0930927	0.0834284	0.0785333
1020			0.191991	0.170219	0.147003	0.125709	0.10766	0.0937564	0.0842483	0.0794126
1040			0.190634	0.169325	0.146652	0.125661	0.108067	0.094371	0.0850235	0.0802666
1060			0.189314	0.168495	0.146215	0.125766	0.10836	0.0949654	0.0858	0.0810857
1080			0.188087	0.167607	0.14588	0.125736	0.10875	0.0955064	0.086511	0.0819233
1100			0.18685	0.166848	0.145484	0.125768	0.109048	0.096096	0.0872032	0.0827032
1120			0.185677	0.166087	0.145114	0.125758	0.109397	0.0965973	0.0879252	0.0834442
1140			0.184544	0.165335	0.144756	0.125784	0.10965	0.0971676	0.0885525	0.0842119
1160			0.183441	0.164607	0.144417	0.125767	0.109982	0.0976461	0.0892244	0.0849148
1180			0.182372	0.163904	0.144098	0.125797	0.110221	0.0981514	0.089849	0.0856082
1200			0.181336	0.163226	0.143783	0.125789	0.110522	0.0985899	0.0904814	0.0862724
1220			0.180336	0.162566	0.143462	0.125812	0.110772	0.0990882	0.091011	0.0869536
1240			0.179367	0.161919	0.143163	0.125806	0.111063	0.0994839	0.0916312	0.0875658
1260			0.178426	0.161299	0.142883	0.125805	0.111265	0.0999684	0.0921666	0.0881876
1280			0.177539	0.160676	0.142591	0.125795	0.111534	0.100344	0.0927241	0.0887965
1300			0.176659	0.160099	0.142293	0.12581	0.111747	0.100786	0.0932205	0.0893856
1320			0.175808	0.159522	0.14203	0.125816	0.11198	0.101146	0.0937649	0.0899341
1340			0.174976	0.158976	0.141782	0.125804	0.112167	0.101563	0.0942234	0.0905093
1360			0.174172	0.158446	0.141519	0.125797	0.112397	0.101912	0.0947248	0.0910316
1380			0.173394	0.157923	0.141266	0.125803	0.112595	0.102281	0.0951872	0.0915498
1400			0.172637	0.157416	0.141022	0.125799	0.112807	0.102617	0.0956357	0.0920668
1420			0.1719	0.156924	0.140781	0.125804	0.112997	0.102972	0.0960669	0.0925552
1440			0.171184	0.156425	0.140588	0.125781	0.11318	0.103308	0.0965137	0.0930208
1460			0.170479	0.155978	0.14034	0.125796	0.11336	0.103627	0.0969376	0.0934835
1480			0.169807	0.155509	0.140135	0.125782	0.113549	0.103933	0.0973337	0.0939512
1500			0.169144	0.155078	0.139906	0.125793	0.113717	0.104248	0.0977259	0.0943885
1520			0.168507	0.154638	0.139707	0.125798	0.113865	0.10455	0.0981244	0.0948094
1540			0.16788	0.154227	0.139517	0.125774	0.11404	0.104828	0.0984905	0.0952425
1560			0.167276	0.153825	0.13931	0.125784	0.114188	0.105119	0.0988509	0.0956478
1580			0.166689	0.153425	0.139123	0.125771	0.114357	0.105378	0.0992201	0.0960367
1600			0.166115	0.153043	0.138926	0.125778	0.114485	0.105667	0.0995486	0.0964373
1620			0.165558	0.152664	0.138748	0.125761	0.11465	0.105899	0.0999139	0.0968073
1640			0.165012	0.1523	0.138573	0.125754	0.114777	0.106184	0.10022	0.0971804
1660			0.164483	0.151945	0.138396	0.125746	0.114933	0.106404	0.100553	0.097541
1680			0.163968	0.151595	0.138223	0.12575	0.115056	0.106653	0.100863	0.097893
1700			0.163477	0.151242	0.138058	0.125739	0.115185	0.106901	0.101168	0.0982293
1720			0.162986	0.150917	0.137884	0.125735	0.11532	0.107123	0.101478	0.0985561
1740			0.162509	0.150589	0.137741	0.12573	0.115432	0.107348	0.101757	0.0988934
1760			0.16204	0.150283	0.137581	0.125727	0.115558	0.107548	0.102056	0.0992075
1780			0.161588	0.149971	0.137433	0.125723	0.11566	0.107789	0.102317	0.0995192
1800			0.161142	0.149674	0.137282	0.125713	0.115793	0.107975	0.102598	0.0998235
1820			0.160708	0.149379	0.137134	0.125716	0.115896	0.108185	0.10286	0.100122
1840			0.160283	0.149091	0.137007	0.125694	0.116017	0.108383	0.103119	0.100407
1860			0.159867	0.148817	0.136858	0.125701	0.116108	0.108588	0.103364	0.100696
1880			0.159464	0.148538	0.136731	0.125685	0.116227	0.108761	0.103627	0.100968
1900			0.159066	0.148275	0.136588	0.125691	0.116319	0.108955	0.103865	0.101241
1920			0.15868	0.148007	0.136465	0.125677	0.116432	0.109134	0.104092	0.101512
1940			0.158299	0.147755	0.136341	0.125683	0.116517	0.109308	0.104332	0.101766
1960			0.157929	0.147493	0.136233	0.125673	0.116609	0.109483	0.10456	0.102019
1980			0.157561	0.147256	0.136103	0.125676	0.116704	0.109658	0.104768	0.102275
2000			0.157208	0.147009	0.13599	0.125668	0.116805	0.109812	0.104997	0.102511
2001001


1456.92	2	2000	20
>	a		ab		1
>	b		bc		1
>	c		c		1
20			0	1
40			0.724726	0.275274
60			0.655926	0.344074
80			0.612774	0.387226
100			0.5882	0.4118
120			0.572373	0.427627
140			0.561341	0.438659
160			0.553218	0.446782
180			0.546989	0.453011
200			0.543058	0.456942
220			0.538892	0.461108
240			0.535459	0.464541
260			0.532581	0.467419
280			0.530134	0.469866
300			0.528028	0.471972
320			0.526197	0.473803
340			0.524935	0.475065
360			0.523476	0.476524
380			0.522178	0.477822
400			0.521016	0.478984
420			0.519969	0.480031
440			0.519022	0.480978
460			0.51816	0.48184
480			0.517546	0.482454
500			0.51681	0.48319
520			0.516134	0.483866
540			0.51551	0.48449
560			0.514932	0.485068
580			0.514395	0.485605
600			0.513896	0.486104
620			0.513534	0.486466
640			0.513092	0.486908
660			0.512678	0.487322
680			0.512289	0.487711
700			0.511924	0.488076
720			0.511579	0.488421
740			0.511254	0.488746
760			0.511016	0.488984
780			0.510721	0.489279
800			0.510442	0.489558
820			0.510176	0.489824
840			0.509924	0.490076
860			0.509684	0.490316
880			0.509456	0.490544
900			0.509287	0.490713
920			0.509077	0.490923
940			0.508876	0.491124
960			0.508683	0.491317
980			0.508499	0.491501
1000			0.508323	0.491677
1020			0.508153	0.491847
1040			0.508028	0.491972
1060			0.50787	0.49213
1080			0.507718	0.492282
1100			0.507572	0.492428
1120			0.507432	0.492568
1140			0.507297	0.492703
1160			0.507166	0.492834
1180			0.507069	0.492931
1200			0.506946	0.493054
1220			0.506828	0.493172
1240			0.506713	0.493287
1260			0.506603	0.493397
1280			0.506496	0.493504
1300			0.506392	0.493608
1320			0.506315	0.493685
1340			0.506217	0.493783
1360			0.506122	0.493878
1380			0.50603	0.49397
1400			0.50594	0.49406
1420			0.505853	0.494147
1440			0.505769	0.494231
1460			0.505706	0.494294
1480			0.505626	0.494374
1500			0.505548	0.494452
1520			0.505472	0.494528
1540			0.505398	0.494602
1560			0.505327	0.494673
1580			0.505257	0.494743
1600			0.505204	0.494796
1620			0.505137	0.494863
1640			0.505072	0.494928
1660			0.505009	0.494991
1680			0.504947	0.495053
1700			0.504887	0.495113
1720			0.504828	0.495172
1740			0.504784	0.495216
1760			0.504727	0.495273
1780			0.504672	0.495328
1800			0.504618	0.495382
1820			0.504565	0.495435
1840			0.504514	0.495486
1860			0.504464	0.495536
1880			0.504426	0.495574
1900			0.504377	0.495623
1920			0.50433	0.49567
1940			0.504284	0.495716
1960			0.504239	0.495761
1980			0.504194	0.495806
2000			0.504151	0.495849
2001001


435.617	16	2000	20
>	a		ab		1
>	b		bc		1
>	c		c		1
20			0	0	0	0	0	0	0	0	1	0	0	0	0	0	0	0
40			0	0	0	0	0	0	0	0.563946	0.161998	0.274056	0	0	0	0	0	0
60			0	0	0	0	0	0	0.381759	0.157837	0.271983	0.105407	0.0830147	0	0	0	0	0
80			0	0	0	0	0	0.276766	0.131749	0.232644	0.156125	0.137303	0.0357914	0.0296205	0	0	0	0
100			0	0	0	0	0.210057	0.105128	0.190457	0.168284	0.154425	0.08137	0.0653336	0.0154425	0.00950307	0	0	0
120			0	0	0	0.160859	0.0878667	0.164027	0.155764	0.150255	0.106184	0.0929624	0.0418675	0.0315384	0.00537116	0.00330533	0	0
140			0	0	0.127748	0.0701043	0.145071	0.134941	0.143957	0.116604	0.105663	0.0646338	0.0538952	0.0193496	0.0148921	0.00192483	0.00121568	0
160			0	0.102321	0.0581477	0.125689	0.116373	0.13058	0.120022	0.111171	0.0819036	0.0704138	0.036876	0.0294232	0.00970422	0.0062107	0.000698704	0.000465802
180			0.0839114	0.047695	0.10779	0.100424	0.118225	0.115831	0.110306	0.0921368	0.0815788	0.0530968	0.0443803	0.0208704	0.0165736	0.0041127	0.00263949	0.000429685
200			0.109547	0.0927317	0.0867619	0.107507	0.105567	0.106512	0.0962141	0.0877071	0.0668126	0.0570121	0.0329834	0.0276603	0.0111437	0.00875578	0.0018407	0.00124372
220			0.144914	0.101723	0.0976101	0.0951421	0.10123	0.0953478	0.0901649	0.074781	0.0664308	0.0461931	0.0382954	0.0198675	0.0167003	0.00621118	0.00411336	0.00127514
240			0.164171	0.124062	0.0965734	0.0935652	0.0929083	0.089416	0.0798036	0.0727499	0.0556689	0.0481657	0.0305314	0.0252066	0.012344	0.00943951	0.0031465	0.0022475
260			0.182665	0.131767	0.106304	0.0907724	0.0868233	0.0818426	0.0755946	0.0636291	0.0562612	0.0396687	0.0342165	0.0194512	0.0165336	0.00660163	0.00557013	0.00229878
280			0.19331	0.144938	0.108182	0.092931	0.0820772	0.0766376	0.068834	0.0614372	0.0486261	0.0420681	0.0275285	0.0234107	0.0122518	0.0100404	0.00434661	0.0033807
300			0.202963	0.150827	0.11559	0.0913158	0.0809506	0.0715156	0.0650262	0.0551483	0.0486368	0.0358353	0.0307413	0.0182277	0.0159022	0.00766317	0.00629	0.00336648
320			0.20866	0.15872	0.117716	0.0945659	0.0778022	0.0692354	0.0599482	0.0538541	0.0427172	0.0372267	0.0257199	0.0216701	0.0121493	0.0105333	0.00523744	0.00424447
340			0.213641	0.162512	0.123251	0.0938573	0.0784185	0.0655155	0.0586673	0.048576	0.0431078	0.0323955	0.027462	0.0181643	0.0149558	0.0083835	0.0069	0.00419175
360			0.216571	0.167203	0.124821	0.0973515	0.0763146	0.0654653	0.0542774	0.0481679	0.0385805	0.0333174	0.0240994	0.0198366	0.012773	0.0100491	0.00623259	0.00493991
380			0.218798	0.169524	0.128966	0.0969043	0.0783247	0.0624801	0.0540399	0.0441629	0.0387755	0.0297965	0.0252379	0.0176541	0.0139658	0.00907571	0.00700363	0.00529071
400			0.219773	0.172654	0.129724	0.100286	0.0766699	0.063478	0.0508722	0.044376	0.0351243	0.0306355	0.022668	0.0184412	0.0128053	0.00996247	0.00673308	0.00579793
420			0.220414	0.173677	0.133072	0.0999423	0.0788024	0.061248	0.0516338	0.0412618	0.0358326	0.0275758	0.0233908	0.0169888	0.0135617	0.00932011	0.00737465	0.00590424
440			0.220272	0.175488	0.133538	0.10272	0.0777667	0.0627287	0.0491852	0.0419085	0.0330135	0.0284268	0.0211294	0.0176663	0.0126055	0.0099463	0.00734892	0.00625638
460			0.220021	0.175826	0.13596	0.102527	0.0798446	0.0610953	0.0503249	0.0394979	0.0338769	0.0258981	0.0220313	0.0161934	0.0131943	0.00950665	0.00779017	0.00641322
480			0.219125	0.176826	0.136147	0.104824	0.0792959	0.0627247	0.048449	0.0405748	0.0314186	0.0267149	0.0202008	0.017039	0.0123266	0.00997912	0.00765759	0.00669606
500			0.218322	0.176494	0.137939	0.104877	0.0810453	0.06174	0.0498439	0.0384029	0.0324468	0.024902	0.0209659	0.0156246	0.012934	0.00968455	0.00800792	0.00677041
520			0.216859	0.177254	0.137907	0.106555	0.080717	0.0633171	0.0483682	0.0398122	0.0304516	0.025727	0.0194742	0.0164106	0.0121437	0.010121	0.00790633	0.00697618
540			0.215813	0.176407	0.139268	0.106571	0.0824667	0.0624559	0.049873	0.03805	0.0316216	0.0241116	0.02036	0.0152049	0.0128499	0.00957069	0.00833841	0.00703767
560			0.214132	0.176686	0.138954	0.108193	0.0821551	0.0640752	0.048771	0.0392918	0.0300482	0.0251845	0.0189202	0.0160745	0.0119047	0.0102304	0.00797678	0.00740382
580			0.21286	0.175748	0.139913	0.107935	0.083862	0.0635227	0.0500858	0.0381623	0.031242	0.023657	0.0199477	0.0148435	0.0127366	0.00962069	0.00845743	0.00740692
600			0.211141	0.17559	0.139539	0.109328	0.0834438	0.0651355	0.0492898	0.0394396	0.0299943	0.0246976	0.0186521	0.0158291	0.0118746	0.0102329	0.00818076	0.00763168
620			0.209619	0.174712	0.140075	0.109095	0.0850237	0.064547	0.0508387	0.0384809	0.0310735	0.0235052	0.019708	0.0147108	0.0126175	0.00970334	0.00868002	0.00760995
640			0.207897	0.174239	0.139713	0.110115	0.0847012	0.0661951	0.0501021	0.0397034	0.0301627	0.0246099	0.0185159	0.0156591	0.0118467	0.0102866	0.00841455	0.00783928
660			0.206307	0.173249	0.140026	0.109916	0.0861042	0.0656761	0.0515333	0.0390224	0.0312473	0.0236188	0.0194837	0.0147343	0.0126575	0.00980145	0.00879747	0.00782557
680			0.204573	0.172639	0.139513	0.110836	0.0858207	0.067081	0.0509586	0.0402866	0.0304568	0.0246738	0.0186706	0.0155739	0.0119029	0.0104517	0.00856004	0.0080029
700			0.202975	0.171571	0.13971	0.110564	0.0869693	0.0667411	0.0523739	0.0396371	0.0315507	0.0239127	0.0195638	0.0148318	0.0126879	0.00998162	0.00895452	0.00797633
720			0.201178	0.1709	0.1392	0.111219	0.0868043	0.0680148	0.0518953	0.040896	0.03096	0.0248535	0.0188511	0.0157034	0.0121128	0.01046	0.00879562	0.00815608
740			0.19958	0.169799	0.139234	0.110993	0.0877591	0.0677679	0.0531603	0.0403872	0.0320712	0.0242331	0.0197833	0.0150198	0.0127512	0.0101871	0.00903086	0.00824303
760			0.197824	0.169119	0.138643	0.111477	0.0875784	0.0689464	0.0527905	0.0416487	0.0314647	0.0252714	0.019161	0.0158378	0.0122968	0.0106024	0.0089425	0.00839613
780			0.196286	0.16793	0.138583	0.111264	0.0884038	0.0686691	0.0540758	0.0411141	0.0326865	0.0246888	0.02004	0.0153255	0.0128796	0.0104107	0.00921564	0.00842769
800			0.194566	0.167162	0.138015	0.111638	0.0882738	0.069722	0.0536796	0.0424281	0.0320879	0.025749	0.0195193	0.0160861	0.0125437	0.0107522	0.00920409	0.00857363
820			0.192979	0.166126	0.137797	0.111378	0.088987	0.0695194	0.054921	0.0418881	0.0333382	0.0252131	0.020445	0.0156174	0.0131279	0.0105879	0.00943522	0.00863905
840			0.19141	0.165197	0.137268	0.111627	0.0887999	0.0705507	0.0545579	0.0431854	0.032767	0.0263065	0.0199648	0.016392	0.012771	0.0110328	0.00938789	0.00878204
860			0.189857	0.164189	0.136969	0.111352	0.0894955	0.0702777	0.0557139	0.0427355	0.0340139	0.0258028	0.0208545	0.0159954	0.0134051	0.0107879	0.00972096	0.00882962
880			0.188293	0.163295	0.136381	0.111603	0.0892656	0.0712515	0.0553631	0.0439324	0.0335542	0.0268212	0.0204777	0.0167217	0.0130997	0.0113017	0.00957329	0.00906509
900			0.186792	0.162261	0.136098	0.111222	0.089927	0.0710123	0.0564433	0.043591	0.0346108	0.0264718	0.0213071	0.0164459	0.0136934	0.011084	0.00993462	0.00910591
920			0.185271	0.161398	0.135443	0.111459	0.0896566	0.0718806	0.0562077	0.044656	0.034327	0.0273709	0.0210097	0.0171245	0.0134565	0.0115895	0.00984986	0.00929989
940			0.183835	0.160347	0.135166	0.11107	0.0902094	0.071671	0.0571731	0.0444026	0.0353132	0.027092	0.0218079	0.0168697	0.0140706	0.0113889	0.0102313	0.00935173
960			0.182364	0.159519	0.134495	0.111208	0.0899907	0.0724309	0.0569891	0.045378	0.0350546	0.0279916	0.0215509	0.0175468	0.0138506	0.0119103	0.0101608	0.00956033
980			0.180994	0.158441	0.134223	0.110832	0.090399	0.0723126	0.0578563	0.0451621	0.035994	0.0277434	0.0223491	0.0173188	0.0144667	0.0117706	0.0105099	0.00962781
1000			0.179564	0.157644	0.133502	0.110943	0.0902256	0.0729129	0.0577302	0.0461078	0.0357682	0.0286173	0.0220779	0.0180799	0.0142477	0.0122337	0.0105155	0.00983015
1020			0.178251	0.156565	0.133229	0.110518	0.0906261	0.0727966	0.0585065	0.0459333	0.0366806	0.0283766	0.0229033	0.017841	0.0148758	0.0121315	0.0107968	0.00996906
1040			0.176865	0.155797	0.13252	0.110622	0.0903475	0.0734278	0.0583609	0.0467782	0.0365162	0.0292488	0.0226723	0.0185398	0.0147122	0.0126062	0.0108143	0.0101714
1060			0.175571	0.154816	0.13218	0.110188	0.0907562	0.0732113	0.0591378	0.0466273	0.0373748	0.0290576	0.0234648	0.0183486	0.0152757	0.0125353	0.0111767	0.0102786
1080			0.174262	0.153988	0.131548	0.110224	0.0904596	0.0738427	0.0589559	0.04748	0.037174	0.0298865	0.0233134	0.0190016	0.0151848	0.0129801	0.011195	0.0105047
1100			0.173028	0.153013	0.131178	0.109814	0.0908313	0.0736024	0.0597324	0.0472908	0.0380166	0.0297498	0.023993	0.0189183	0.015713	0.0129452	0.0115515	0.0106234
1120			0.171733	0.152265	0.130492	0.109849	0.0905345	0.0742114	0.0595179	0.0481011	0.0378902	0.0304813	0.0239199	0.0195011	0.015654	0.0134048	0.0115585	0.0108863
1140			0.17056	0.151271	0.130192	0.109378	0.0908604	0.0739855	0.0602302	0.0479634	0.0386641	0.0303842	0.0245829	0.0194381	0.0161877	0.0133493	0.0119378	0.0110168
1160			0.169332	0.150524	0.129494	0.109393	0.0905683	0.0745076	0.0600789	0.0487079	0.0385488	0.0311072	0.0245047	0.0200451	0.0161305	0.0138198	0.0119754	0.0112626
1180			0.168175	0.149589	0.129151	0.108947	0.0908422	0.0743135	0.0607442	0.0485755	0.0392844	0.0310122	0.0251768	0.0199787	0.0166506	0.0138105	0.0123495	0.0114008
1200			0.166997	0.148858	0.128465	0.108944	0.0905453	0.0748153	0.06058	0.0492769	0.0391729	0.0317207	0.0250971	0.0205842	0.0166139	0.01427	0.0123841	0.0116764
1220			0.165885	0.14795	0.128121	0.108469	0.0908271	0.0746095	0.0611846	0.0491413	0.0399068	0.0316282	0.0257582	0.0205274	0.017156	0.0142425	0.0127657	0.0118272
1240			0.164726	0.147241	0.127462	0.108467	0.0905096	0.0750564	0.0610394	0.0498128	0.0397949	0.0323542	0.0256596	0.0211354	0.0171142	0.0147163	0.0128265	0.0120844
1260			0.163673	0.146329	0.127127	0.108022	0.0907354	0.0748498	0.0616013	0.0497111	0.0404957	0.0322256	0.026356	0.0210654	0.017639	0.014725	0.0132057	0.0122389
1280			0.162553	0.14565	0.126478	0.107971	0.0904553	0.0752475	0.0614473	0.0503695	0.040381	0.0329271	0.0262588	0.0216566	0.0176339	0.0151883	0.0132587	0.0125232
1300			0.161543	0.144764	0.126134	0.107544	0.0906343	0.0750286	0.0620031	0.0502359	0.041063	0.0328469	0.0269083	0.021607	0.0181446	0.0152108	0.0136463	0.0126861
1320			0.160467	0.144102	0.125504	0.107466	0.0903321	0.0754237	0.0618505	0.0508556	0.0409572	0.0335145	0.0268449	0.0221928	0.0181313	0.0156699	0.013735	0.0129539
1340			0.159472	0.14327	0.125153	0.107014	0.0905171	0.0752178	0.0623604	0.0507273	0.0416263	0.0334312	0.0274511	0.0221788	0.0186372	0.0157067	0.0141106	0.0131267
1360			0.158461	0.142567	0.124559	0.106956	0.0902071	0.0755694	0.0621936	0.0513409	0.0415211	0.0340709	0.0274041	0.0227168	0.0186714	0.0161548	0.0141905	0.0134157
1380			0.157487	0.141784	0.124175	0.10654	0.0903587	0.0753517	0.0626997	0.0512052	0.0421496	0.0339955	0.0280179	0.0227109	0.0191711	0.0161886	0.0145704	0.0135944
1400			0.156497	0.141119	0.123598	0.106428	0.0900794	0.0756846	0.0625451	0.0517742	0.0420444	0.0346191	0.0279779	0.0232721	0.0191628	0.0166371	0.0146936	0.0138666
1420			0.155561	0.140354	0.123227	0.106012	0.0901953	0.0755062	0.0629788	0.0516646	0.042643	0.034568	0.0285526	0.0232478	0.0196945	0.0166923	0.0150241	0.0140785
1440			0.154605	0.139695	0.122659	0.105927	0.0899143	0.0757671	0.0628729	0.0521638	0.0425832	0.0351366	0.0285344	0.0238058	0.0197085	0.0171119	0.0151727	0.0143428
1460			0.153714	0.138931	0.122302	0.105514	0.0900077	0.0756096	0.0632387	0.0520998	0.0431192	0.0351167	0.0290821	0.0238033	0.0202019	0.0171912	0.0155251	0.0145434
1480			0.152789	0.138319	0.121716	0.105404	0.0897375	0.0758444	0.0631631	0.0525548	0.0430771	0.0356424	0.0290892	0.024328	0.020221	0.0176396	0.0156423	0.0148311
1500			0.151924	0.137562	0.121389	0.104988	0.0898236	0.0756873	0.0634945	0.0525134	0.04357	0.0356429	0.0295998	0.0243402	0.0207124	0.0177055	0.0160186	0.0150282
1520			0.151022	0.136979	0.120804	0.104888	0.0895506	0.0759013	0.0634113	0.0529291	0.0435663	0.036131	0.029623	0.0248443	0.0207507	0.0181278	0.016164	0.0153076
1540			0.150188	0.136233	0.120493	0.10447	0.0896137	0.0757384	0.0637484	0.0528843	0.0440218	0.0361563	0.0301052	0.0248742	0.0212183	0.0182341	0.0164887	0.0155322
1560			0.149312	0.135671	0.119915	0.104365	0.089337	0.0759604	0.0636426	0.0532843	0.044011	0.0366284	0.0301491	0.0253527	0.0212848	0.0186197	0.0166667	0.0157994
1580			0.148509	0.134943	0.119594	0.103948	0.089433	0.0757668	0.063958	0.0532422	0.0444503	0.03666	0.0306111	0.0254069	0.0217215	0.0187383	0.0170009	0.0160169
1600			0.147662	0.134392	0.11904	0.103839	0.0891403	0.0759775	0.0638546	0.0536235	0.0444589	0.0370987	0.0306683	0.0258604	0.0218051	0.0191146	0.017165	0.0163015
1620			0.146881	0.13369	0.118722	0.10344	0.0891957	0.0757937	0.0641548	0.0535898	0.0448732	0.0371292	0.0311186	0.0259282	0.0222253	0.0192512	0.0174865	0.0165208
1640			0.146064	0.13315	0.118174	0.103327	0.0889166	0.0759761	0.0640604	0.0539513	0.0448692	0.0375804	0.0311663	0.026367	0.022325	0.0196125	0.0176751	0.0167848
1660			0.14531	0.132466	0.117859	0.102923	0.0889701	0.0758027	0.064337	0.0539151	0.045279	0.0376011	0.031614	0.0264393	0.0227146	0.0197682	0.0179802	0.0170205
1680			0.144518	0.131941	0.117332	0.102794	0.0886936	0.0759872	0.0642304	0.0542619	0.0452706	0.0380322	0.0316733	0.0268477	0.02284	0.0201071	0.0181857	0.0172842
1700			0.143788	0.13128	0.117016	0.102417	0.0887249	0.0757948	0.0645143	0.0542172	0.0456631	0.0380565	0.0320821	0.0269654	0.023205	0.0202822	0.0184798	0.0175136
1720			0.143024	0.130753	0.116513	0.102276	0.0884518	0.0759834	0.0643953	0.0545586	0.045665	0.0384606	0.0321514	0.0273428	0.0233612	0.0206039	0.0186776	0.0177831
1740			0.14231	0.130117	0.11619	0.10191	0.0884793	0.0757868	0.0646774	0.054499	0.046041	0.0385074	0.0325463	0.0274522	0.0237028	0.02079	0.018979	0.0180118
1760			0.141558	0.129621	0.11569	0.101778	0.0882091	0.0759453	0.0645617	0.0548313	0.0460333	0.0388964	0.0326345	0.0278122	0.0238597	0.0211043	0.019182	0.0182838
1780			0.140869	0.128993	0.115386	0.101401	0.0882391	0.0757641	0.0648108	0.0547811	0.0463973	0.0389347	0.0330006	0.0279568	0.0241891	0.0212802	0.0194809	0.0185163
1800			0.140149	0.128493	0.114898	0.101278	0.0879702	0.0759078	0.0647066	0.0550792	0.0464026	0.0393028	0.033102	0.028296	0.0243587	0.0215991	0.019681	0.018776
1820			0.139478	0.127887	0.114596	0.100908	0.0879845	0.0757445	0.0649317	0.0550404	0.0467392	0.0393546	0.0334588	0.0284284	0.0246803	0.0217921	0.0199637	0.0190132
1840			0.138781	0.127409	0.114109	0.100778	0.0877276	0.0758679	0.0648294	0.0553367	0.0467444	0.0397043	0.0335486	0.0287722	0.0248506	0.0220875	0.0201863	0.0192676
1860			0.138124	0.126827	0.113814	0.100413	0.0877398	0.0756871	0.0650546	0.0552876	0.0470703	0.0397618	0.033899	0.0288988	0.0251749	0.0222796	0.0204549	0.0195131
1880			0.137449	0.126347	0.113354	0.100274	0.0874766	0.0758214	0.0649501	0.0555663	0.047085	0.0400918	0.0339882	0.0292516	0.0253192	0.0225808	0.0206805	0.0197648
1900			0.136817	0.125777	0.113053	0.0999296	0.0874775	0.0756477	0.0651491	0.0555314	0.0473928	0.0401528	0.0343337	0.0293651	0.0256502	0.022762	0.0209513	0.0200094
1920			0.136163	0.125307	0.112608	0.099782	0.0872386	0.0757515	0.0650551	0.055788	0.0474042	0.0404829	0.0344292	0.0296959	0.0258052	0.0230566	0.0211706	0.0202618
1940			0.135538	0.124767	0.112308	0.0994465	0.0872204	0.0755944	0.0652496	0.055746	0.0477111	0.0405344	0.0347525	0.0298289	0.0261115	0.0232503	0.0214487	0.0204932
1960			0.134905	0.124301	0.111871	0.0993105	0.0869823	0.0756866	0.0651489	0.05601	0.0477146	0.0408527	0.0348526	0.0301371	0.0262819	0.0235365	0.021657	0.0207531
1980			0.134305	0.123764	0.111578	0.0989786	0.086964	0.0755266	0.0653409	0.0559604	0.0480091	0.0409129	0.0351587	0.0302796	0.0265726	0.0237427	0.0219244	0.0209827
2000			0.133679	0.123324	0.111154	0.0988255	0.0867361	0.0756167	0.0652353	0.0562069	0.048023	0.0412064	0.0352778	0.0305712	0.0267536	0.024016	0.0221379	0.0212364
2001001


0.0110343	2	2000	20
>	a		aa		0.001
20			0	1
40			0	1
60			0	1
80			0	1
100			0	1
120			0	1
140			0	1
160			0	1
180			0	1
200			0	1
220			0	1
240			0	1
260			0	1
280			0	1
300			0	1
320			0	1
340			0	1
360			0	1
380			0	1
400			0	1
420			0	1
440			0	1
460			0	1
480			0	1
500			0	1
520			0	1
540			0	1
560			0	1
580			0	1
600			0	1
620			0	1
640			0	1
660			0	1
680			0	1
700			0	1
720			0	1
740			0	1
760			0	1
780			0	1
800			0	1
820			0	1
840			0	1
860			0	1
880			0	1
900			0	1
920			0	1
940			0	1
960			0	1
980			0	1
1000			0	1
1020			0	1
1040			0	1
1060			0	1
1080			0	1
1100			0	1
1120			0	1
1140			0	1
1160			0	1
1180			0	1
1200			0	1
1220			0	1
1240			0	1
1260			0	1
1280			0	1
1300			0	1
1320			0	1
1340			0	1
1360			0	1
1380			0.5	0.5
1400			0.5	0.5
1420			0.5	0.5
1440			0.5	0.5
1460			0.5	0.5
1480			0.5	0.5
1500			0.5	0.5
1520			0.5	0.5
1540			0.5	0.5
1560			0.5	0.5
1580			0.5	0.5
1600			0.5	0.5
1620			0.5	0.5
1640			0.5	0.5
1660			0.5	0.5
1680			0.5	0.5
1700			0.5	0.5
1720			0.5	0.5
1740			0.5	0.5
1760			0.5	0.5
1780			0.5	0.5
1800			0.5	0.5
1820			0.5	0.5
1840			0.5	0.5
1860			0.5	0.5
1880			0.5	0.5
1900			0.5	0.5
1920			0.5	0.5
1940			0.5	0.5
1960			0.5	0.5
1980			0.5	0.5
2000			0.5	0.5
2


0.0114107	4	2000	20
>	a		aa		0.001
20			0	0	1	0
40			0	0	1	0
60			0	0	1	0
80			0	0	1	0
100			0	0	1	0
120			0	0	1	0
140			0	0	1	0
160			0	0	1	0
180			0	0	1	0
200			0	0	1	0
220			0	0	1	0
240			0	0	1	0
260			0	0	1	0
280			0	0	1	0
300			0	0	1	0
320			0	0	1	0
340			0	0	1	0
360			0	0	1	0
380			0	0	1	0
400			0	0	1	0
420			0	0	1	0
440			0	0	1	0
460			0	0	1	0
480			0	0	1	0
500			0	0	1	0
520			0	0	1	0
540			0	0	1	0
560			0	0	1	0
580			0	0	1	0
600			0	0	1	0
620			0	0	1	0
640			0	0	1	0
660			0	0	1	0
680			0	0	1	0
700			0	0	1	0
720			0	0	1	0
740			0	0	1	0
760			0	0	1	0
780			0	0	1	0
800			0	0	1	0
820			0	0	1	0
840			0	0	1	0
860			0	0	1	0
880			0	0	1	0
900			0	0	1	0
920			0	0	1	0
940			0	0	1	0
960			0	0	1	0
980			0	0	1	0
1000			0	0	1	0
1020			0	0	1	0
1040			0	0	1	0
1060			0	0	1	0
1080			0	0	1	0
1100			0	0	1	0
1120			0	0	1	0
1140			0	0	1	0
1160			0	0	1	0
1180			0	0	1	0
1200			0	0	1	0
1220			0	0	1	0
1240			0	0	1	0
1260			0	0	1	0
1280			0	0	1	0
1300			0	0	1	0
1320			0	0	1	0
1340			0	0	1	0
1360			0	0	1	0
1380			0	0	1	0
1400			0	0	1	0
1420			0	0	1	0
1440			0	0	1	0
1460			0	0	1	0
1480			0	0	1	0
1500			0	0	1	0
1520			0	0	1	0
1540			0	0	1	0
1560			0	0	1	0
1580			0	0	1	0
1600			0	0	1	0
1620			0	0	1	0
1640			0	0	1	0
1660			0	0	1	0
1680			0	0	1	0
1700			0	0	1	0
1720			0	0	1	0
1740			0	0	1	0
1760			0	0	1	0
1780			0	0	1	0
1800			0	0	1	0
1820			0	0	1	0
1840			0	0	1	0
1860			0	0	1	0
1880			0	0	1	0
1900			0	0	1	0
1920			0	0	1	0
1940			0	0	1	0
1960			0	0	1	0
1980			0	0	1	0
2000			0	0	1	0
1


0.0114647	8	2000	20
>	a		aa		0.001
20			0	0	0	0	1	0	0	0
40			0	0	0	0	1	0	0	0
60			0	0	0	0	1	0	0	0
80			0	0	0	0	1	0	0	0
100			0	0	0	0	1	0	0	0
120			0	0	0	0	1	0	0	0
140			0	0	0	0	1	0	0	0
160			0	0	0	0	1	0	0	0
180			0	0	0	0	1	0	0	0
200			0	0	0	0	1	0	0	0
220			0	0	0	0	1	0	0	0
240			0	0	0	0	1	0	0	0
260			0	0	0	0	1	0	0	0
280			0	0	0	0	1	0	0	0
300			0	0	0	0	1	0	0	0
320			0	0	0	0	1	0	0	0
340			0	0	0	0	1	0	0	0
360			0	0	0	0	1	0	0	0
380			0	0	0	0	1	0	0	0
400			0	0	0	0	1	0	0	0
420			0	0	0	0	1	0	0	0
440			0	0	0	0	1	0	0	0
460			0	0	0	0	1	0	0	0
480			0	0	0	0	1	0	0	0
500			0	0	0	0	1	0	0	0
520			0	0	0	0	1	0	0	0
540			0	0	0	0	1	0	0	0
560			0	0	0	0	1	0	0	0
580			0	0	0	0	1	0	0	0
600			0	0	0	0	1	0	0	0
620			0	0	0	0	1	0	0	0
640			0	0	0	0	1	0	0	0
660			0	0	0	0	1	0	0	0
680			0	0	0	0	1	0	0	0
700			0	0	0	0	1	0	0	0
720			0	0	0	0	1	0	0	0
740			0	0	0	0	1	0	0	0
760			0	0	0	0	1	0	0	0
780			0	0	0	0	1	0	0	0
800			0	0	0	0	1	0	0	0
820			0	0	0	0	1	0	0	0
840			0	0	0	0	1	0	0	0
860			0	0	0	0	1	0	0	0
880			0	0	0	0	1	0	0	0
900			0	0	0	0	1	0	0	0
920			0	0	0	0	1	0	0	0
940			0	0	0	0	1	0	0	0
960			0	0	0	0	1	0	0	0
980			0	0	0	0	1	0	0	0
1000			0	0	0	0	1	0	0	0
1020			0	0	0	0	1	0	0	0
1040			0	0	0	0	1	0	0	0
1060			0	0	0	0	1	0	0	0
1080			0	0	0	0	1	0	0	0
1100			0	0	0	0	1	0	0	0
1120			0	0	0	0	1	0	0	0
1140			0	0	0	0	1	0	0	0
1160			0	0	0	0	1	0	0	0
1180			0	0	0	0	1	0	0	0
1200			0	0	0	0	1	0	0	0
1220			0	0	0	0	1	0	0	0
1240			0	0	0	0	1	0	0	0
1260			0	0	0	0	1	0	0	0
1280			0	0	0	0	1	0	0	0
1300			0	0	0	0	1	0	0	0
1320			0	0	0	0	1	0	0	0
1340			0	0	0	0	1	0	0	0
1360			0	0	0	0	1	0	0	0
1380			0	0	0	0	1	0	0	0
1400			0	0	0	0	1	0	0	0
1420			0	0	0	0	1	0	0	0
1440			0	0	0	0	1	0	0	0
1460			0	0	0	0	1	0	0	0
1480			0	0	0	0	1	0	0	0
1500			0	0	0	0	1	0	0	0
1520			0	0	0	0	1	0	0	0
1540			0	0	0	0	1	0	0	0
1560			0	0	0	0	1	0	0	0
1580			0	0	0	0	1	0	0	0
1600			0	0	0	0	1	0	0	0
1620			0	0	0	0	1	0	0	0
1640			0	0	0	0	1	0	0	0
1660			0	0	0	0	1	0	0	0
1680			0	0	0	0	1	0	0	0
1700			0	0	0	0	1	0	0	0
1720			0	0	0	0	1	0	0	0
1740			0	0	0	0	1	0	0	0
1760			0	0	0	0	1	0	0	0
1780			0	0	0	0	1	0	0	0
1800			0	0	0	0	1	0	0	0
1820			0	0	0	0	1	0	0	0
1840			0	0	0	0	1	0	0	0
1860			0	0	0	0	1	0	0	0
1880			0	0	0	0	1	0	0	0
1900			0	0	0	0	1	0	0	0
1920			0	0	0	0	1	0	0	0
1940			0	0	0	0	0.5	0.5	0	0
1960			0	0	0	0	0.5	0.5	0	0
1980			0	0	0	0	0.5	0.5	0	0
2000			0	0	0	0	0.5	0.5	0	0
2


0.0116213	16	2000	20
>	a		aa		0.001
20			0	0	0	0	0	0	0	0	1	0	0	0	0	0	0	0
40			0	0	0	0	0	0	0	0	1	0	0	0	0	0	0	0
60			0	0	0	0	0	0	0	0	1	0	0	0	0	0	0	0
80			0	0	0	0	0	0	0	0	1	0	0	0	0	0	0	0
100			0	0	0	0	0	0	0	0	1	0	0	0	0	0	0	0
120			0	0	0	0	0	0	0	0	1	0	0	0	0	0	0	0
140			0	0	0	0	0	0	0	0	1	0	0	0	0	0	0	0
160			0	0	0	0	0	0	0	0	1	0	0	0	0	0	0	0
180			0	0	0	0	0	0	0	0	1	0	0	0	0	0	0	0
200			0	0	0	0	0	0	0	0	1	0	0	0	0	0	0	0
220			0	0	0	0	0	0	0	0	1	0	0	0	0	0	0	0
240			0	0	0	0	0	0	0	0	1	0	0	0	0	0	0	0
260			0	0	0	0	0	0	0	0	1	0	0	0	0	0	0	0
280			0	0	0	0	0	0	0	0	1	0	0	0	0	0	0	0
300			0	0	0	0	0	0	0	0	1	0	0	0	0	0	0	0
320			0	0	0	0	0	0	0	0	1	0	0	0	0	0	0	0
340			0	0	0	0	0	0	0	0	1	0	0	0	0	0	0	0
360			0	0	0	0	0	0	0	0	1	0	0	0	0	0	0	0
380			0	0	0	0	0	0	0	0	1	0	0	0	0	0	0	0
400			0	0	0	0	0	0	0	0	1	0	0	0	0	0	0	0
420			0	0	0	0	0	0	0	0	1	0	0	0	0	0	0	0
440			0	0	0	0	0	0	0	0	1	0	0	0	0	0	0	0
460			0	0	0	0	0	0	0	0	1	0	0	0	0	0	0	0
480			0	0	0	0	0	0	0	0	1	0	0	0	0	0	0	0
500			0	0	0	0	0	0	0	0	1	0	0	0	0	0	0	0
520			0	0	0	0	0	0	0	0	1	0	0	0	0	0	0	0
540			0	0	0	0	0	0	0	0	1	0	0	0	0	0	0	0
560			0	0	0	0	0	0	0	0	1	0	0	0	0	0	0	0
580			0	0	0	0	0	0	0	0	1	0	0	0	0	0	0	0
600			0	0	0	0	0	0	0	0	1	0	0	0	0	0	0	0
620			0	0	0	0	0	0	0	0	1	0	0	0	0	0	0	0
640			0	0	0	0	0	0	0	0	1	0	0	0	0	0	0	0
660			0	0	0	0	0	0	0	0	1	0	0	0	0	0	0	0
680			0	0	0	0	0	0	0	0	1	0	0	0	0	0	0	0
700			0	0	0	0	0	0	0	0	1	0	0	0	0	0	0	0
720			0	0	0	0	0	0	0	0	1	0	0	0	0	0	0	0
740			0	0	0	0	0	0	0	0	1	0	0	0	0	0	0	0
760			0	0	0	0	0	0	0	0	1	0	0	0	0	0	0	0
780			0	0	0	0	0	0	0	0	1	0	0	0	0	0	0	0
800			0	0	0	0	0	0	0	0	1	0	0	0	0	0	0	0
820			0	0	0	0	0	0	0	0	1	0	0	0	0	0	0	0
840			0	0	0	0	0	0	0	0	1	0	0	0	0	0	0	0
860			0	0	0	0	0	0	0	0	1	0	0	0	0	0	0	0
880			0	0	0	0	0	0	0	0	1	0	0	0	0	0	0	0
900			0	0	0	0	0	0	0	0	1	0	0	0	0	0	0	0
920			0	0	0	0	0	0	0	0	0.5	0.5	0	0	0	0	0	0
940			0	0	0	0	0	0	0	0	0.5	0.5	0	0	0	0	0	0
960			0	0	0	0	0	0	0	0	0.5	0.5	0	0	0	0	0	0
980			0	0	0	0	0	0	0	0	0.5	0.5	0	0	0	0	0	0
1000			0	0	0	0	0	0	0	0	0.5	0.5	0	0	0	0	0	0
1020			0	0	0	0	0	0	0	0	0.5	0.5	0	0	0	0	0	0
1040			0	0	0	0	0	0	0	0	0.5	0.5	0	0	0	0	0	0
1060			0	0	0	0	0	0	0	0	0.5	0.5	0	0	0	0	0	0
1080			0	0	0	0	0	0	0	0	0.5	0.5	0	0	0	0	0	0
1100			0	0	0	0	0	0	0	0	0.5	0.5	0	0	0	0	0	0
1120			0	0	0	0	0	0	0	0	0.5	0.5	0	0	0	0	0	0
1140			0	0	0	0	0	0	0	0	0.5	0.5	0	0	0	0	0	0
1160			0	0	0	0	0	0	0	0	0.5	0.5	0	0	0	0	0	0
1180			0	0	0	0	0	0	0	0	0.5	0.5	0	0	0	0	0	0
1200			0	0	0	0	0	0	0	0	0.5	0.5	0	0	0	0	0	0
1220			0	0	0	0	0	0	0	0	0.5	0.5	0	0	0	0	0	0
1240			0	0	0	0	0	0	0	0	0.5	0.5	0	0	0	0	0	0
1260			0	0	0	0	0	0	0	0	0.5	0.5	0	0	0	0	0	0
1280			0	0	0	0	0	0	0	0	0.5	0.5	0	0	0	0	0	0
1300			0	0	0	0	0	0	0	0	0.5	0.5	0	0	0	0	0	0
1320			0	0	0	0	0	0	0	0	0.5	0.5	0	0	0	0	0	0
1340			0	0	0	0	0	0	0	0	0.5	0.5	0	0	0	0	0	0
1360			0	0	0	0	0	0	0	0	0.5	0.5	0	0	0	0	0	0
1380			0	0	0	0	0	0	0	0	0.5	0.5	0	0	0	0	0	0
1400			0	0	0	0	0	0	0	0	0.5	0.5	0	0	0	0	0	0
1420			0	0	0	0	0	0	0	0	0.5	0.5	0	0	0	0	0	0
1440			0	0	0	0	0	0	0	0	0.5	0.5	0	0	0	0	0	0
1460			0	0	0	0	0	0	0	0	0.5	0.5	0	0	0	0	0	0
1480			0	0	0	0	0	0	0	0	0.5	0.5	0	0	0	0	0	0
1500			0	0	0	0	0	0	0	0	0.666667	0.333333	0	0	0	0	0	0
1520			0	0	0	0	0	0	0	0.333333	0.333333	0.333333	0	0	0	0	0	0
1540			0	0	0	0	0	0	0	0.333333	0.333333	0.333333	0	0	0	0	0	0
1560			0	0	0	0	0	0	0	0.333333	0.333333	0.333333	0	0	0	0	0	0
1580			0	0	0	0	0	0	0	0.333333	0.333333	0.333333	0	0	0	0	0	0
1600			0	0	0	0	0	0	0	0.333333	0.333333	0.333333	0	0	0	0	0	0
1620			0	0	0	0	0	0	0	0.333333	0.333333	0.333333	0	0	0	0	0	0
1640			0	0	0	0	0	0	0	0.333333	0.333333	0.333333	0	0	0	0	0	0
1660			0	0	0	0	0	0	0	0.5	0.25	0.25	0	0	0	0	0	0
1680			0	0	0	0	0	0	0.25	0.25	0.25	0.25	0	0	0	0	0	0
1700			0	0	0	0	0	0	0.25	0.25	0.25	0.25	0	0	0	0	0	0
1720			0	0	0	0	0	0	0.25	0.25	0.25	0.25	0	0	0	0	0	0
1740			0	0	0	0	0	0	0.25	0.25	0.25	0.25	0	0	0	0	0	0
1760			0	0	0	0	0	0	0.25	0.25	0.25	0.25	0	0	0	0	0	0
1780			0	0	0	0	0	0	0.25	0.25	0.25	0.25	0	0	0	0	0	0
1800			0	0	0	0	0	0	0.25	0.25	0.25	0.25	0	0	0	0	0	0
1820			0	0	0	0	0	0	0.25	0.25	0.25	0.25	0	0	0	0	0	0
1840			0	0	0	0	0	0	0.25	0.25	0.25	0.25	0	0	0	0	0	0
1860			0	0	0	0	0	0	0.2	0.2	0.2	0.4	0	0	0	0	0	0
1880			0	0	0	0	0	0	0.166667	0.166667	0.166667	0.166667	0.333333	0	0	0	0	0
1900			0	0	0	0	0	0	0.166667	0.166667	0.166667	0.166667	0.166667	0.166667	0	0	0	0
1920			0	0	0	0	0	0	0.166667	0.166667	0.166667	0.166667	0.166667	0.166667	0	0	0	0
1940			0	0	0	0	0	0	0.166667	0.166667	0.166667	0.166667	0.166667	0.166667	0	0	0	0
1960			0	0	0	0	0	0	0.142857	0.142857	0.142857	0.142857	0.142857	0.285714	0	0	0	0
1980			0	0	0	0	0	0	0.142857	0.142857	0.142857	0.142857	0.142857	0.142857	0.142857	0	0	0
2000			0	0	0	0	0	0	0.142857	0.142857	0.142857	0.142857	0.142857	0.142857	0.142857	0	0	0
7


28.2913	2	2000	20
>	a		ab		0.01
>	b		a		0.01
20			0	1
40			0	1
60			0	1
80			0	1
100			0	1
120			0.5	0.5
140			0.5	0.5
160			0.666667	0.333333
180			0.666667	0.333333
200			0.5	0.5
220			0.5	0.5
240			0.571429	0.428571
260			0.571429	0.428571
280			0.571429	0.428571
300			0.571429	0.428571
320			0.571429	0.428571
340			0.5	0.5
360			0.454545	0.545455
380			0.461538	0.538462
400			0.4	0.6
420			0.5	0.5
440			0.5	0.5
460			0.409091	0.590909
480			0.555556	0.444444
500			0.466667	0.533333
520			0.470588	0.529412
540			0.514286	0.485714
560			0.525	0.475
580			0.5	0.5
600			0.54	0.46
620			0.5	0.5
640			0.5	0.5
660			0.526316	0.473684
680			0.512195	0.487805
700			0.468085	0.531915
720			0.504854	0.495146
740			0.491525	0.508475
760			0.510791	0.489209
780			0.516129	0.483871
800			0.508571	0.491429
820			0.518325	0.481675
840			0.513761	0.486239
860			0.510373	0.489627
880			0.514706	0.485294
900			0.49375	0.50625
920			0.5	0.5
940			0.490196	0.509804
960			0.491561	0.508439
980			0.506591	0.493409
1000			0.508333	0.491667
1020			0.507983	0.492017
1040			0.503846	0.496154
1060			0.502844	0.497156
1080			0.497487	0.502513
1100			0.512681	0.487319
1120			0.493195	0.506805
1140			0.494286	0.505714
1160			0.493797	0.506203
1180			0.509424	0.490576
1200			0.498794	0.501206
1220			0.495945	0.504055
1240			0.501701	0.498299
1260			0.500337	0.499663
1280			0.498959	0.501041
1300			0.495659	0.504341
1320			0.498401	0.501599
1340			0.500405	0.499595
1360			0.498739	0.501261
1380			0.5	0.5
1400			0.498299	0.501701
1420			0.503326	0.496674
1440			0.498664	0.501336
1460			0.500788	0.499212
1480			0.500043	0.499957
1500			0.502281	0.497719
1520			0.499126	0.500874
1540			0.497995	0.502005
1560			0.500928	0.499072
1580			0.50042	0.49958
1600			0.499732	0.500268
1620			0.500912	0.499088
1640			0.499259	0.500741
1660			0.497189	0.502811
1680			0.49887	0.50113
1700			0.500444	0.499556
1720			0.499764	0.500236
1740			0.500477	0.499523
1760			0.500238	0.499762
1780			0.500034	0.499966
1800			0.499282	0.500718
1820			0.500671	0.499329
1840			0.500397	0.499603
1860			0.499913	0.500087
1880			0.500752	0.499248
1900			0.499561	0.500439
1920			0.4998	0.5002
1940			0.499712	0.500288
1960			0.499873	0.500127
1980			0.499878	0.500122
2000			0.500024	0.499976
286378


16.9963	4	2000	20
>	a		ab		0.01
>	b		a		0.01
20			0	0	1	0
40			0	0	1	0
60			0	0	0.5	0.5
80			0	0	0.5	0.5
100			0	0	0.666667	0.333333
120			0	0.333333	0.333333	0.333333
140			0	0.5	0.25	0.25
160			0.4	0.2	0.2	0.2
180			0.4	0.2	0.2	0.2
200			0.4	0.2	0.2	0.2
220			0.5	0.166667	0.166667	0.166667
240			0.5	0.25	0.125	0.125
260			0.375	0.375	0.125	0.125
280			0.333333	0.333333	0.222222	0.111111
300			0.333333	0.333333	0.222222	0.111111
320			0.272727	0.272727	0.363636	0.0909091
340			0.285714	0.214286	0.214286	0.285714
360			0.266667	0.2	0.2	0.333333
380			0.235294	0.235294	0.294118	0.235294
400			0.263158	0.210526	0.315789	0.210526
420			0.346154	0.230769	0.192308	0.230769
440			0.344828	0.275862	0.172414	0.206897
460			0.354839	0.258065	0.193548	0.193548
480			0.314286	0.257143	0.2	0.228571
500			0.302326	0.232558	0.232558	0.232558
520			0.307692	0.230769	0.211538	0.25
540			0.272727	0.254545	0.254545	0.218182
560			0.295082	0.245902	0.229508	0.229508
580			0.26087	0.231884	0.26087	0.246377
600			0.260274	0.246575	0.260274	0.232877
620			0.25	0.275	0.2375	0.2375
640			0.258824	0.270588	0.235294	0.235294
660			0.290323	0.236559	0.258065	0.215054
680			0.264151	0.273585	0.254717	0.207547
700			0.264957	0.247863	0.247863	0.239316
720			0.238806	0.268657	0.246269	0.246269
740			0.22	0.266667	0.273333	0.24
760			0.238889	0.266667	0.227778	0.266667
780			0.252475	0.227723	0.262376	0.257426
800			0.243363	0.238938	0.261062	0.256637
820			0.25098	0.25098	0.254902	0.243137
840			0.266436	0.245675	0.238754	0.249135
860			0.256798	0.247734	0.241692	0.253776
880			0.251989	0.236074	0.238727	0.27321
900			0.247059	0.251765	0.263529	0.237647
920			0.240343	0.238197	0.261803	0.259657
940			0.244701	0.242775	0.248555	0.263969
960			0.246046	0.256591	0.244288	0.253076
980			0.257098	0.260252	0.23817	0.244479
1000			0.260388	0.256233	0.238227	0.245152
1020			0.255583	0.251861	0.25062	0.241935
1040			0.253319	0.255531	0.240044	0.251106
1060			0.257561	0.24878	0.249756	0.243902
1080			0.249357	0.2485	0.244216	0.257926
1100			0.244594	0.254288	0.252051	0.249068
1120			0.242464	0.249672	0.252949	0.254915
1140			0.244253	0.255172	0.248851	0.251724
1160			0.24748	0.254032	0.247984	0.250504
1180			0.258065	0.242598	0.247901	0.251436
1200			0.250585	0.252927	0.250195	0.246292
1220			0.246547	0.247583	0.256906	0.248964
1240			0.248464	0.247543	0.247543	0.25645
1260			0.245705	0.247614	0.254431	0.25225
1280			0.2468	0.247283	0.250423	0.255494
1300			0.245561	0.249626	0.248128	0.256684
1320			0.248308	0.244925	0.253947	0.25282
1340			0.245915	0.252918	0.249583	0.251584
1360			0.249741	0.249297	0.249149	0.251813
1380			0.248885	0.248491	0.252165	0.250459
1400			0.247864	0.246248	0.250635	0.255253
1420			0.248182	0.248284	0.252484	0.25105
1440			0.247821	0.25	0.250817	0.251362
1460			0.24954	0.248579	0.25106	0.25082
1480			0.248971	0.250248	0.248829	0.251952
1500			0.250252	0.249496	0.249118	0.251134
1520			0.250098	0.249986	0.250767	0.249149
1540			0.250948	0.250209	0.249274	0.249569
1560			0.251187	0.251274	0.248268	0.24927
1580			0.251833	0.249325	0.250019	0.248823
1600			0.251289	0.250572	0.24883	0.249309
1620			0.24904	0.251974	0.249312	0.249675
1640			0.249444	0.249658	0.250703	0.250194
1660			0.249609	0.250249	0.249846	0.250296
1680			0.251189	0.249283	0.250351	0.249178
1700			0.249384	0.251034	0.249736	0.249847
1720			0.250274	0.250242	0.250192	0.249292
1740			0.250235	0.24928	0.249758	0.250727
1760			0.249053	0.249117	0.251241	0.250589
1780			0.249	0.249827	0.249805	0.251368
1800			0.249765	0.248973	0.250516	0.250746
1820			0.248962	0.250529	0.250201	0.250308
1840			0.249464	0.249683	0.251053	0.2498
1860			0.249687	0.249736	0.25015	0.250427
1880			0.249037	0.249666	0.250374	0.250923
1900			0.249405	0.249718	0.250144	0.250732
1920			0.249175	0.250037	0.249756	0.251033
1940			0.249899	0.248946	0.250498	0.250658
1960			0.248968	0.250076	0.250284	0.250672
1980			0.249728	0.249672	0.249929	0.250671
2000			0.249748	0.249497	0.250631	0.250124
343074


8.91559	8	2000	20
>	a		ab		0.01
>	b		a		0.01
20			0	0	0	0	1	0	0	0
40			0	0	0	0	0.5	0.5	0	0
60			0	0	0	0	0.5	0.5	0	0
80			0	0	0	0	0.5	0.5	0	0
100			0	0	0	0	0.5	0.5	0	0
120			0	0	0	0	0.5	0.5	0	0
140			0	0	0	0	0.5	0.5	0	0
160			0	0	0	0	0.5	0.5	0	0
180			0	0	0	0	0.5	0.5	0	0
200			0	0	0	0	0.5	0.5	0	0
220			0	0	0	0	0.5	0.5	0	0
240			0	0	0	0	0.5	0.5	0	0
260			0	0	0	0	0.666667	0.333333	0	0
280			0	0	0	0.25	0.25	0.5	0	0
300			0	0	0	0.285714	0.142857	0.428571	0.142857	0
320			0	0	0.222222	0.111111	0.111111	0.222222	0.333333	0
340			0	0.153846	0.0769231	0.0769231	0.0769231	0.153846	0.384615	0.0769231
360			0.0666667	0.0666667	0.0666667	0.0666667	0.0666667	0.2	0.266667	0.2
380			0.0625	0.0625	0.0625	0.0625	0.125	0.125	0.3125	0.1875
400			0.0555556	0.0555556	0.0555556	0.0555556	0.111111	0.222222	0.166667	0.277778
420			0.047619	0.0952381	0.047619	0.047619	0.190476	0.142857	0.190476	0.238095
440			0.04	0.08	0.12	0.08	0.12	0.16	0.2	0.2
460			0.0357143	0.0714286	0.107143	0.0714286	0.107143	0.178571	0.214286	0.214286
480			0.0333333	0.0666667	0.1	0.0666667	0.133333	0.133333	0.2	0.266667
500			0.03125	0.0625	0.09375	0.09375	0.125	0.15625	0.21875	0.21875
520			0.0512821	0.0769231	0.102564	0.102564	0.128205	0.153846	0.179487	0.205128
540			0.0425532	0.0638298	0.12766	0.12766	0.106383	0.170213	0.148936	0.212766
560			0.0392157	0.117647	0.0980392	0.137255	0.117647	0.137255	0.176471	0.176471
580			0.0655738	0.0655738	0.114754	0.147541	0.114754	0.180328	0.147541	0.163934
600			0.0597015	0.0746269	0.0895522	0.119403	0.149254	0.149254	0.179104	0.179104
620			0.0533333	0.0666667	0.106667	0.133333	0.12	0.173333	0.16	0.186667
640			0.0487805	0.0853659	0.097561	0.121951	0.158537	0.134146	0.170732	0.182927
660			0.0561798	0.0786517	0.11236	0.11236	0.123596	0.157303	0.179775	0.179775
680			0.0560748	0.0841121	0.0934579	0.130841	0.130841	0.17757	0.140187	0.186916
700			0.0725806	0.0725806	0.104839	0.104839	0.129032	0.16129	0.193548	0.16129
720			0.0719424	0.0863309	0.0935252	0.107914	0.143885	0.143885	0.179856	0.172662
740			0.0759494	0.0696203	0.0886076	0.126582	0.14557	0.151899	0.177215	0.164557
760			0.0718232	0.0828729	0.104972	0.110497	0.127072	0.165746	0.171271	0.165746
780			0.0873786	0.0825243	0.092233	0.121359	0.131068	0.150485	0.160194	0.174757
800			0.0888889	0.0933333	0.111111	0.111111	0.128889	0.133333	0.16	0.173333
820			0.0873016	0.103175	0.107143	0.111111	0.126984	0.134921	0.154762	0.174603
840			0.0928571	0.1	0.107143	0.117857	0.125	0.132143	0.157143	0.167857
860			0.095679	0.0987654	0.108025	0.108025	0.123457	0.154321	0.148148	0.16358
880			0.0981432	0.0954907	0.103448	0.103448	0.132626	0.161804	0.153846	0.151194
900			0.105263	0.0938215	0.0961098	0.118993	0.132723	0.1373	0.162471	0.153318
920			0.10352	0.0931677	0.10352	0.109731	0.138716	0.138716	0.146998	0.165631
940			0.100182	0.105647	0.0965392	0.123862	0.125683	0.143898	0.143898	0.160291
960			0.095935	0.099187	0.112195	0.110569	0.136585	0.134959	0.157724	0.152846
980			0.101892	0.106259	0.10917	0.114993	0.126638	0.142649	0.141194	0.157205
1000			0.10641	0.102564	0.108974	0.116667	0.134615	0.135897	0.147436	0.147436
1020			0.10694	0.105802	0.110353	0.125142	0.122867	0.143345	0.142207	0.143345
1040			0.106747	0.108761	0.111782	0.116818	0.136959	0.135952	0.140987	0.141994
1060			0.10852	0.106726	0.116592	0.125561	0.121973	0.136323	0.140807	0.143498
1080			0.103143	0.112812	0.113618	0.119259	0.132957	0.134569	0.138598	0.145044
1100			0.10704	0.109914	0.117098	0.127155	0.128592	0.132184	0.141523	0.136494
1120			0.11034	0.112863	0.118537	0.119168	0.122951	0.138083	0.133039	0.145019
1140			0.109436	0.112228	0.121161	0.119486	0.12507	0.131212	0.136237	0.14517
1160			0.110396	0.118812	0.114356	0.116337	0.130693	0.127723	0.139109	0.142574
1180			0.114035	0.110526	0.116228	0.126754	0.124561	0.132018	0.134211	0.141667
1200			0.11249	0.113266	0.115981	0.119085	0.131109	0.131497	0.138479	0.138092
1220			0.111264	0.112637	0.120192	0.12603	0.12397	0.135646	0.135989	0.134272
1240			0.112155	0.115793	0.119733	0.124886	0.130949	0.128827	0.132768	0.134889
1260			0.112357	0.116894	0.123299	0.128102	0.127035	0.129437	0.129971	0.132906
1280			0.112503	0.118884	0.12503	0.126448	0.128338	0.129757	0.127866	0.131175
1300			0.118839	0.118212	0.121972	0.125104	0.126358	0.128028	0.130952	0.130535
1320			0.119631	0.121106	0.12424	0.123502	0.127373	0.127558	0.12682	0.12977
1340			0.117484	0.119439	0.122535	0.124002	0.125143	0.128564	0.129053	0.133779
1360			0.119394	0.119683	0.12199	0.124009	0.126316	0.126604	0.132228	0.129776
1380			0.119648	0.122069	0.122197	0.123344	0.123981	0.128313	0.130224	0.130224
1400			0.120275	0.1214	0.12005	0.12365	0.128488	0.1259	0.129275	0.130963
1420			0.118779	0.119577	0.122769	0.124165	0.124663	0.129949	0.130647	0.12945
1440			0.118873	0.121346	0.121258	0.122052	0.127175	0.128676	0.130089	0.130531
1460			0.1202	0.119731	0.121373	0.124032	0.125127	0.128959	0.131071	0.129507
1480			0.118975	0.120287	0.12153	0.123395	0.127607	0.128504	0.128573	0.131128
1500			0.120755	0.120878	0.122226	0.123881	0.125291	0.128111	0.129582	0.129275
1520			0.122798	0.1209	0.122201	0.124749	0.125834	0.127081	0.128761	0.127677
1540			0.120843	0.121703	0.122754	0.125526	0.12414	0.127819	0.128775	0.12844
1560			0.121635	0.12172	0.123576	0.124293	0.126276	0.12615	0.128006	0.128344
1580			0.120913	0.123644	0.123494	0.125477	0.125477	0.126001	0.126749	0.128245
1600			0.121895	0.121104	0.124333	0.124069	0.12687	0.127496	0.127627	0.126606
1620			0.121372	0.121605	0.123613	0.12571	0.126146	0.127835	0.126205	0.127515
1640			0.122459	0.122588	0.124086	0.123441	0.125739	0.12747	0.12685	0.127367
1660			0.121245	0.123208	0.122729	0.124167	0.125993	0.1275	0.127591	0.127568
1680			0.123126	0.12175	0.123834	0.124502	0.126039	0.12606	0.127294	0.127395
1700			0.123089	0.12325	0.122893	0.124875	0.1255	0.126232	0.126786	0.127375
1720			0.123171	0.122902	0.123868	0.125008	0.124565	0.126765	0.126702	0.127019
1740			0.122968	0.12392	0.12315	0.124325	0.126059	0.125486	0.127136	0.126955
1760			0.123319	0.123282	0.123579	0.124024	0.125358	0.126273	0.126532	0.127632
1780			0.123283	0.124046	0.12409	0.124112	0.124297	0.12612	0.126982	0.127069
1800			0.123675	0.123848	0.1241	0.12408	0.125818	0.125239	0.126243	0.126997
1820			0.123287	0.124201	0.124261	0.124568	0.124482	0.126113	0.12607	0.127018
1840			0.124113	0.12366	0.124354	0.124264	0.124928	0.125646	0.126506	0.126529
1860			0.124076	0.124009	0.124289	0.124456	0.124536	0.125711	0.126271	0.126652
1880			0.123766	0.124137	0.12445	0.12432	0.125039	0.125328	0.126931	0.126029
1900			0.123672	0.123974	0.123734	0.125391	0.125052	0.125547	0.12563	0.127
1920			0.123374	0.123761	0.12447	0.124765	0.1254	0.125363	0.126459	0.126409
1940			0.123618	0.12352	0.124135	0.124851	0.125172	0.126385	0.125824	0.126495
1960			0.123455	0.12379	0.123815	0.124833	0.125444	0.125754	0.126476	0.126433
1980			0.123661	0.123673	0.1243	0.124414	0.125523	0.126035	0.126029	0.126366
2000			0.123784	0.124262	0.124388	0.124796	0.124782	0.12541	0.126532	0.126045
355459


4.18911	16	2000	20
>	a		ab		0.01
>	b		a		0.01
20			0	0	0	0	0	0	0	0	1	0	0	0	0	0	0	0
40			0	0	0	0	0	0	0	0	0.5	0.5	0	0	0	0	0	0
60			0	0	0	0	0	0	0	0	0.5	0.5	0	0	0	0	0	0
80			0	0	0	0	0	0	0	0	0.5	0.5	0	0	0	0	0	0
100			0	0	0	0	0	0	0	0	0.333333	0.666667	0	0	0	0	0	0
120			0	0	0	0	0	0	0	0	0.6	0.2	0.2	0	0	0	0	0
140			0	0	0	0	0	0	0	0.2	0.2	0.4	0.2	0	0	0	0	0
160			0	0	0	0	0	0	0	0.125	0.125	0.5	0.25	0	0	0	0	0
180			0	0	0	0	0	0	0	0.125	0.25	0.25	0.25	0.125	0	0	0	0
200			0	0	0	0	0	0	0	0.125	0.25	0.25	0.25	0.125	0	0	0	0
220			0	0	0	0	0	0	0	0.111111	0.222222	0.222222	0.333333	0.111111	0	0	0	0
240			0	0	0	0	0	0	0	0.1	0.3	0.2	0.2	0.2	0	0	0	0
260			0	0	0	0	0	0	0	0.272727	0.181818	0.181818	0.181818	0.0909091	0.0909091	0	0	0
280			0	0	0	0	0	0	0.0909091	0.181818	0.181818	0.181818	0.181818	0.0909091	0.0909091	0	0	0
300			0	0	0	0	0	0	0.133333	0.266667	0.133333	0.133333	0.133333	0.0666667	0.133333	0	0	0
320			0	0	0	0	0	0.0625	0.0625	0.1875	0.1875	0.125	0.1875	0.0625	0.0625	0.0625	0	0
340			0	0	0	0	0	0.0625	0.125	0.125	0.1875	0.125	0.125	0.125	0.0625	0.0625	0	0
360			0	0	0	0	0	0.105263	0.105263	0.105263	0.210526	0.157895	0.105263	0.105263	0.0526316	0.0526316	0	0
380			0	0	0	0	0.0952381	0.047619	0.0952381	0.142857	0.190476	0.142857	0.0952381	0.0952381	0.047619	0.047619	0	0
400			0	0	0	0.0909091	0.0454545	0.0454545	0.0909091	0.136364	0.181818	0.136364	0.0909091	0.0909091	0.0454545	0.0454545	0	0
420			0	0	0.04	0.04	0.04	0.04	0.08	0.12	0.2	0.12	0.12	0.12	0.04	0.04	0	0
440			0	0	0.037037	0.037037	0.037037	0.037037	0.0740741	0.111111	0.185185	0.148148	0.111111	0.0740741	0.111111	0.037037	0	0
460			0	0	0.0357143	0.0357143	0.0357143	0.0357143	0.0714286	0.142857	0.142857	0.142857	0.107143	0.0714286	0.0714286	0.107143	0	0
480			0	0	0.0333333	0.0333333	0.0333333	0.0666667	0.1	0.1	0.133333	0.133333	0.1	0.0666667	0.1	0.0666667	0.0333333	0
500			0	0	0.03125	0.03125	0.03125	0.0625	0.09375	0.09375	0.125	0.15625	0.09375	0.0625	0.09375	0.09375	0.03125	0
520			0	0	0.0277778	0.0277778	0.0277778	0.0555556	0.0833333	0.0833333	0.194444	0.111111	0.111111	0.0555556	0.0833333	0.0555556	0.0833333	0
540			0	0	0.0232558	0.0232558	0.0232558	0.0465116	0.116279	0.116279	0.116279	0.139535	0.0930233	0.0697674	0.0930233	0.0697674	0.0465116	0.0232558
560			0	0	0.0178571	0.0178571	0.0178571	0.107143	0.0714286	0.0892857	0.142857	0.142857	0.125	0.0535714	0.0714286	0.0714286	0.0535714	0.0178571
580			0	0	0.0153846	0.0153846	0.0461538	0.0461538	0.138462	0.0923077	0.107692	0.138462	0.0923077	0.107692	0.0769231	0.0615385	0.0307692	0.0307692
600			0	0	0.0136986	0.0410959	0.0273973	0.0821918	0.0958904	0.109589	0.0958904	0.136986	0.0958904	0.0821918	0.0821918	0.0410959	0.0410959	0.0547945
620			0	0	0.0253165	0.0253165	0.0632911	0.0632911	0.0886076	0.113924	0.101266	0.113924	0.101266	0.0759494	0.0632911	0.0632911	0.0379747	0.0632911
640			0	0.0120482	0.0120482	0.0361446	0.060241	0.0722892	0.0843373	0.0963855	0.108434	0.108434	0.0963855	0.0843373	0.060241	0.060241	0.0481928	0.060241
660			0	0.010989	0.032967	0.032967	0.043956	0.0659341	0.0769231	0.0989011	0.142857	0.0989011	0.0879121	0.0659341	0.0769231	0.0659341	0.043956	0.0549451
680			0	0.02	0.02	0.03	0.05	0.06	0.08	0.1	0.11	0.11	0.07	0.09	0.1	0.06	0.05	0.05
700			0.00854701	0.00854701	0.017094	0.042735	0.034188	0.0854701	0.0769231	0.102564	0.102564	0.0854701	0.0940171	0.102564	0.0683761	0.0683761	0.0598291	0.042735
720			0.00763359	0.00763359	0.0305344	0.0305344	0.0610687	0.0534351	0.0839695	0.0839695	0.0839695	0.0839695	0.0992366	0.0992366	0.0916031	0.0687023	0.0687023	0.0458015
740			0.00704225	0.0140845	0.0211268	0.0422535	0.0422535	0.0633803	0.0704225	0.084507	0.0774648	0.0915493	0.0915493	0.112676	0.0985915	0.0704225	0.056338	0.056338
760			0.00653595	0.0130719	0.0261438	0.0457516	0.0522876	0.0522876	0.0784314	0.0718954	0.0849673	0.0784314	0.0980392	0.0915033	0.0915033	0.0915033	0.0588235	0.0588235
780			0.00581395	0.0174419	0.0232558	0.0406977	0.0523256	0.0697674	0.0697674	0.0872093	0.0813953	0.0872093	0.0813953	0.0930233	0.0872093	0.0813953	0.0639535	0.0581395
800			0.0104712	0.0104712	0.026178	0.0471204	0.0575916	0.0680628	0.0732984	0.078534	0.078534	0.0890052	0.0837696	0.0837696	0.078534	0.0732984	0.0732984	0.0680628
820			0.00938967	0.0187793	0.028169	0.0422535	0.0610329	0.056338	0.0798122	0.0751174	0.084507	0.0751174	0.0751174	0.084507	0.0751174	0.0892019	0.0798122	0.0657277
840			0.0169492	0.0169492	0.0254237	0.0466102	0.059322	0.0635593	0.0677966	0.0762712	0.0762712	0.0720339	0.0762712	0.0762712	0.0762712	0.0932203	0.0889831	0.0677966
860			0.018797	0.0225564	0.0263158	0.0413534	0.056391	0.0639098	0.0639098	0.0714286	0.0714286	0.0676692	0.0789474	0.0864662	0.0864662	0.093985	0.0714286	0.0789474
880			0.0162866	0.0260586	0.0390879	0.0423453	0.0521173	0.0586319	0.0684039	0.0716612	0.0618893	0.0781759	0.0846906	0.0814332	0.0781759	0.0879479	0.0781759	0.0749186
900			0.0202312	0.0289017	0.0404624	0.0462428	0.0520231	0.0578035	0.0606936	0.0693642	0.0693642	0.0809249	0.0867052	0.0867052	0.0751445	0.0780347	0.0751445	0.0722543
920			0.0231362	0.0359897	0.0359897	0.0462725	0.0539846	0.0539846	0.0642674	0.066838	0.0719794	0.0848329	0.0771208	0.0899743	0.0719794	0.0745501	0.0694087	0.0796915
940			0.027027	0.027027	0.0382883	0.0495495	0.0495495	0.0608108	0.0585586	0.0698198	0.0743243	0.0743243	0.0900901	0.0833333	0.0833333	0.0675676	0.0675676	0.0788288
960			0.0281124	0.0301205	0.0381526	0.0461847	0.0582329	0.0582329	0.060241	0.0722892	0.0783133	0.0742972	0.0763052	0.0923695	0.0742972	0.0742972	0.0702811	0.0682731
980			0.0250896	0.0340502	0.0358423	0.0448029	0.0501792	0.0591398	0.0681004	0.0681004	0.0698925	0.0752688	0.0878136	0.0824373	0.0824373	0.0734767	0.0734767	0.0698925
1000			0.0352	0.0304	0.0432	0.0448	0.0528	0.0576	0.0704	0.0688	0.0704	0.0784	0.072	0.0848	0.08	0.072	0.072	0.0672
1020			0.0369318	0.0411932	0.0369318	0.0440341	0.0511364	0.0610795	0.0610795	0.0710227	0.0724432	0.0681818	0.078125	0.0752841	0.0809659	0.0724432	0.0795455	0.0696023
1040			0.0366625	0.0379267	0.0404551	0.0442478	0.0556258	0.05689	0.0632111	0.0670038	0.0733249	0.0720607	0.0745891	0.0771176	0.0758534	0.0783818	0.0745891	0.0720607
1060			0.0356745	0.039019	0.0423634	0.0479376	0.0490524	0.0568562	0.0624303	0.0702341	0.0702341	0.0735786	0.0713489	0.0758082	0.083612	0.0769231	0.0713489	0.0735786
1080			0.0373648	0.0373648	0.0412979	0.0422812	0.0501475	0.0599803	0.0629302	0.0678466	0.0698132	0.0707965	0.0776794	0.0786627	0.0825959	0.0766962	0.072763	0.0717797
1100			0.0351803	0.0378188	0.0395778	0.0474934	0.0483729	0.0580475	0.0633245	0.0650836	0.0668426	0.0729991	0.0729991	0.0800352	0.0826737	0.0800352	0.0791557	0.0703606
1120			0.0376471	0.0352941	0.0407843	0.0439216	0.0533333	0.0541176	0.065098	0.065098	0.0713725	0.067451	0.0752941	0.0745098	0.0792157	0.0823529	0.0776471	0.0768627
1140			0.0329444	0.0398078	0.0391215	0.0459849	0.0480439	0.0631434	0.0597117	0.0645161	0.0658888	0.0720659	0.0720659	0.0741249	0.0754976	0.080302	0.0837337	0.0830474
1160			0.0345238	0.0375	0.0458333	0.0410714	0.0547619	0.0541667	0.0625	0.0636905	0.0684524	0.0696429	0.0714286	0.075	0.0767857	0.0815476	0.0809524	0.0821429
1180			0.0369393	0.037467	0.0416887	0.0490765	0.0448549	0.0596306	0.0569921	0.0680739	0.0654354	0.0733509	0.0754617	0.0733509	0.0775726	0.0770449	0.083905	0.0791557
1200			0.0343706	0.0390153	0.0399443	0.0445889	0.0543428	0.0524849	0.0617743	0.0645611	0.0687413	0.0715281	0.072457	0.0752438	0.0747794	0.0817464	0.0808175	0.0836043
1220			0.0376895	0.0376895	0.0426055	0.0483408	0.0499795	0.0573535	0.0589922	0.0655469	0.0684146	0.0725113	0.0725113	0.0745596	0.0774273	0.0741499	0.0770176	0.085211
1240			0.0368076	0.0422741	0.0444606	0.0448251	0.0528426	0.053207	0.0626822	0.0641399	0.0677843	0.0688776	0.0776239	0.0758017	0.0761662	0.0747085	0.0787172	0.0790816
1260			0.0380859	0.0410156	0.0429688	0.0511068	0.0517578	0.0576172	0.0585938	0.0647786	0.0664062	0.0729167	0.069987	0.0764974	0.0771484	0.0751953	0.0784505	0.077474
1280			0.0406457	0.0403575	0.0481407	0.0469876	0.0533295	0.0524647	0.0596714	0.0637071	0.0668781	0.0717786	0.0720669	0.0737965	0.0755261	0.0789853	0.077544	0.0781205
1300			0.0407539	0.0425369	0.0445746	0.0506877	0.0509424	0.0547631	0.0603668	0.0613856	0.069027	0.0710647	0.07081	0.0751401	0.0771778	0.0764137	0.0761589	0.0781966
1320			0.040724	0.0425339	0.04819	0.0466063	0.0504525	0.0542986	0.0590498	0.0656109	0.0683258	0.0705882	0.0728507	0.0742081	0.0748869	0.0782805	0.0776018	0.0757919
1340			0.0415584	0.0451548	0.0451548	0.0487512	0.0493506	0.0529471	0.0599401	0.0629371	0.0671329	0.0715285	0.0729271	0.0731269	0.0765235	0.0755245	0.0801199	0.0773227
1360			0.0420701	0.0448865	0.0464707	0.0477029	0.0515754	0.0529836	0.0566802	0.0647773	0.0672417	0.0684739	0.0741067	0.0756909	0.0744587	0.0783313	0.076571	0.0779792
1380			0.0424638	0.0441748	0.0460414	0.0493078	0.0489967	0.0535075	0.0577073	0.0622181	0.0659512	0.0720174	0.0731062	0.0735729	0.0769949	0.0779281	0.0787059	0.077306
1400			0.0424476	0.0460309	0.0454796	0.0472712	0.0516814	0.0531974	0.060226	0.0609151	0.0682194	0.0673925	0.0718026	0.0764884	0.074559	0.0771775	0.0785557	0.0785557
1420			0.0448398	0.0431339	0.0461801	0.0481296	0.0514195	0.0570245	0.0571463	0.0636042	0.0642135	0.0698184	0.0735957	0.0740831	0.075789	0.0768856	0.0759108	0.0782259
1440			0.0435297	0.0434222	0.0453568	0.0496561	0.0513758	0.0539553	0.0602966	0.0605116	0.0676053	0.0676053	0.0723345	0.0768487	0.0754514	0.0777085	0.0769561	0.0773861
1460			0.0433206	0.0447519	0.0471374	0.05	0.051813	0.0563931	0.0579198	0.0644084	0.0646947	0.0692748	0.070229	0.0746183	0.0762405	0.0758588	0.0763359	0.0770038
1480			0.0434343	0.0456271	0.0483259	0.049844	0.0542296	0.0539766	0.0595429	0.062073	0.0664586	0.0683141	0.072531	0.0737117	0.0740491	0.0761575	0.0753142	0.0764106
1500			0.0451139	0.0464628	0.0492356	0.0510342	0.0522332	0.0554556	0.0590528	0.0626499	0.0648231	0.0701439	0.0703687	0.0729916	0.0742656	0.0745653	0.0760641	0.0755396
1520			0.0449237	0.046848	0.047578	0.051294	0.0538155	0.0570007	0.0590577	0.061712	0.0662906	0.0671533	0.0722628	0.0719973	0.0739881	0.0745189	0.0757797	0.0757797
1540			0.0456674	0.0451405	0.0488876	0.0509368	0.0539813	0.0563232	0.0604215	0.0629391	0.0644028	0.0693208	0.0693208	0.0730679	0.0731265	0.0753513	0.0753513	0.0757611
1560			0.0463624	0.0480182	0.0487944	0.0507089	0.0528304	0.057746	0.0588327	0.0627652	0.0658181	0.0671634	0.0709407	0.0710442	0.074511	0.0744075	0.0749767	0.0750802
1580			0.0467876	0.0480708	0.0500871	0.0505911	0.0544405	0.0562735	0.0598937	0.0625057	0.0642013	0.0684172	0.0690587	0.0729081	0.0713958	0.0753826	0.0749244	0.0750619
1600			0.0480988	0.0479769	0.0496831	0.0521206	0.0531362	0.0571986	0.0595141	0.0620328	0.064714	0.0655671	0.0719857	0.0700764	0.0736919	0.0736919	0.0755606	0.0749513
1620			0.0483153	0.0492851	0.0501114	0.0520152	0.0547094	0.0555715	0.0595589	0.0623249	0.0641569	0.067785	0.0685753	0.0726705	0.0720239	0.0742869	0.0740355	0.0745743
1640			0.0486504	0.0495078	0.0501747	0.0521753	0.0542394	0.0567164	0.0588441	0.0622102	0.0652271	0.0658622	0.070054	0.0709749	0.0729438	0.0741188	0.0744681	0.073833
1660			0.0487387	0.0492719	0.0514885	0.052667	0.0547153	0.0566514	0.0592329	0.0623755	0.0640029	0.0675384	0.0682679	0.0720278	0.0716069	0.0733466	0.07402	0.0740481
1680			0.0484119	0.0502262	0.0511705	0.0536557	0.0548238	0.0564392	0.0594214	0.0615339	0.0646404	0.0657836	0.0693374	0.0700582	0.0727173	0.0729907	0.0746807	0.0741091
1700			0.0496062	0.0493648	0.0530727	0.0523267	0.0548498	0.0578995	0.0587112	0.0620681	0.063933	0.0666096	0.0678383	0.0708879	0.0709976	0.0738498	0.0738937	0.0740911
1720			0.0495053	0.0507081	0.0511348	0.0539864	0.0557517	0.0569156	0.059806	0.0614549	0.0645005	0.065645	0.068516	0.0695053	0.0724733	0.0720272	0.0742774	0.0737924
1740			0.0498009	0.0504359	0.0527183	0.0538852	0.054932	0.0580725	0.0598915	0.0618479	0.0629633	0.0669447	0.0672536	0.0698105	0.0711834	0.0733114	0.0730025	0.0739463
1760			0.0498611	0.0516218	0.05232	0.0534584	0.056145	0.0575718	0.0599851	0.0613967	0.0644779	0.0649333	0.0682877	0.0693957	0.0715359	0.072052	0.0732359	0.0737216
1780			0.0506387	0.0510801	0.0520832	0.054571	0.0551327	0.0579683	0.0594797	0.0627566	0.0633853	0.0665285	0.0671838	0.0695914	0.0709824	0.0721461	0.0735638	0.0729084
1800			0.0509795	0.0513464	0.0528141	0.0532402	0.0563414	0.0571344	0.0605315	0.061431	0.0648044	0.0650175	0.0679766	0.0691247	0.0707344	0.0723087	0.0726401	0.0735752
1820			0.0510366	0.0519476	0.0522618	0.0545026	0.0554136	0.057801	0.0590052	0.062733	0.0632565	0.0665759	0.0672565	0.0697382	0.0704921	0.0717487	0.072911	0.0733194
1840			0.0512168	0.051661	0.0528176	0.0537985	0.0559175	0.0568705	0.0605719	0.0611641	0.0650597	0.0656241	0.0679467	0.0689738	0.0706301	0.0715462	0.072962	0.0732396
1860			0.0516592	0.0520688	0.0522982	0.0539123	0.0552888	0.0583613	0.0591397	0.0627776	0.0637116	0.0662597	0.0673413	0.0688243	0.0702089	0.072331	0.0724457	0.0733716
1880			0.0519725	0.0524068	0.0526312	0.0538256	0.0559754	0.0573507	0.0609121	0.0612305	0.0646182	0.0656243	0.067709	0.0685921	0.0705248	0.0712559	0.0725588	0.0728122
1900			0.0522191	0.0519505	0.0533962	0.0544453	0.0557247	0.058565	0.0594414	0.0627615	0.063414	0.0658001	0.0668684	0.0690498	0.0700029	0.0717365	0.0718261	0.0727985
1920			0.0519847	0.0522676	0.0530089	0.0548253	0.0567492	0.0572019	0.0607101	0.0611798	0.0646202	0.065452	0.0676192	0.0681002	0.0706069	0.0708841	0.0721234	0.0726666
1940			0.0519515	0.0524414	0.053921	0.0553506	0.0563154	0.0583548	0.0592296	0.0627337	0.0632486	0.0661028	0.0668176	0.0689221	0.069217	0.0712415	0.0719363	0.0722162
1960			0.0521409	0.0529756	0.0540708	0.0551439	0.0567028	0.0576699	0.0600855	0.0610968	0.0646032	0.0649476	0.0676724	0.0681096	0.07011	0.0704148	0.0720576	0.0721989
1980			0.0525624	0.0532454	0.0538035	0.0553491	0.0566684	0.0583389	0.05942	0.0621834	0.0630889	0.0663987	0.0663479	0.0690996	0.0693064	0.0708364	0.0713438	0.0720073
2000			0.0526599	0.0532255	0.0543566	0.0552843	0.056843	0.058019	0.0604227	0.0611882	0.064461	0.0649265	0.0677612	0.0679785	0.0696476	0.0705615	0.0713719	0.0712926
289974